V101116
CHEMKIN-Preprocessor
CRECK-Modeling
PoliMI
Mar2013
2.000000e+002
5.000000e+003
4
H2
O2
H2O
N2
5
1.376373e+004 -2.037475e-001 2.059878e-003 -7.405744e-007 8.259006e-011 
5
9.668577e+003 3.291356e+001 -8.033251e-002 8.313311e-005 -3.042086e-008 
6
3.337279e+000 -2.470124e-005 1.664856e-007 -4.489160e-011 4.005108e-015 -9.501589e+002 
6
2.344331e+000 3.990260e-003 -6.492717e-006 5.039302e-009 -1.475224e-012 -9.179352e+002 
6
3.337279e+000 -4.940247e-005 2.497284e-007 -5.985546e-011 5.006384e-015 -3.205023e+000 
6
2.344331e+000 7.980521e-003 -9.739075e-006 6.719070e-009 -1.844029e-012 6.830102e-001 
5
8.529451e+002 3.853702e-001 -1.969525e-004 5.442950e-008 -5.631264e-012 
5
9.828455e+002 -7.786810e-001 2.558754e-003 -2.515619e-006 8.428607e-010 
6
3.282538e+000 7.415438e-004 -2.526556e-007 5.236764e-011 -4.334356e-015 -1.088458e+003 
6
3.782456e+000 -1.498367e-003 3.282434e-006 -2.420324e-009 6.487457e-013 -1.063944e+003 
6
3.282538e+000 1.483088e-003 -3.789833e-007 6.982352e-011 -5.417945e-015 5.453231e+000 
6
3.782456e+000 -2.996734e-003 4.923651e-006 -3.227098e-009 8.109321e-013 3.657676e+000 
5
1.400278e+003 1.004713e+000 -7.572438e-005 -4.478778e-008 7.762980e-012 
5
1.937798e+003 -9.398754e-001 3.009361e-003 -2.532863e-006 8.178210e-010 
6
3.033992e+000 1.088459e-003 -5.469084e-008 -2.426050e-011 3.364020e-015 -3.000430e+004 
6
4.198641e+000 -1.018217e-003 2.173467e-006 -1.371993e-009 3.543956e-013 -3.029373e+004 
6
3.033992e+000 2.176918e-003 -8.203626e-008 -3.234733e-011 4.205025e-015 4.966770e+000 
6
4.198641e+000 -2.036434e-003 3.260201e-006 -1.829324e-009 4.429945e-013 -8.490322e-001 
5
8.686170e+002 4.416266e-001 -1.687218e-004 2.996767e-008 -2.004372e-012 
5
9.790364e+002 4.179611e-001 -1.176271e-003 1.674383e-006 -7.256245e-010 
6
2.926640e+000 7.439884e-004 -1.894920e-007 2.524260e-011 -1.350670e-015 -9.227977e+002 
6
3.298677e+000 7.041202e-004 -1.321074e-006 1.410379e-009 -4.889708e-013 -1.020900e+003 
6
2.926640e+000 1.487977e-003 -2.842380e-007 3.365679e-011 -1.688338e-015 5.980528e+000 
6
3.298677e+000 1.408240e-003 -1.981611e-006 1.880505e-009 -6.112135e-013 3.950372e+000 
4
2.016000e+000 3.199800e+001 1.801500e+001 2.801400e+001 
4
2.000000e+002 2.000000e+002 2.000000e+002 3.000000e+002 
4
1.000000e+003 1.000000e+003 1.000000e+003 1.000000e+003 
4
3.500000e+003 3.500000e+003 3.500000e+003 5.000000e+003 
3 4
2.000000e+000 0.000000e+000 2.000000e+000 0.000000e+000 
0.000000e+000 2.000000e+000 1.000000e+000 0.000000e+000 
0.000000e+000 0.000000e+000 0.000000e+000 2.000000e+000 
3
1.008000e+000 1.599900e+001 1.400700e+001 
H
O
N
1
-1.000000e+000
1.000000e+000
4 4
-1.583982e+001 8.692958e-001 -3.054617e-002 1.384164e-003 
-1.906650e+001 2.494518e+000 -2.440586e-001 1.072526e-002 
-2.028994e+001 2.046198e+000 -7.669556e-002 -7.595355e-004 
-1.853769e+001 2.232971e+000 -2.102014e-001 9.264622e-003 
-1.000000e+000
1.000000e+000
4 4
4.618501e-001 -1.746149e+000 3.114439e-001 -1.244905e-002 
-1.408881e+001 3.215735e+000 -3.240202e-001 1.433343e-002 
5.116682e+000 -5.827437e+000 1.069483e+000 -5.426190e-002 
-9.164155e-002 -2.859499e+000 5.470254e-001 -2.711773e-002 
-1.000000e+000
1.000000e+000
16 4
0 0 0 0 
-2.067407e+001 2.384267e+000 -9.540292e-002 4.147209e-003 
-2.484073e+001 4.052648e+000 -3.081903e-001 1.321433e-002 
-2.047909e+001 2.289345e+000 -8.254205e-002 3.565797e-003 
-2.067407e+001 2.384267e+000 -9.540292e-002 4.147209e-003 
0 0 0 0 
-2.950116e+001 5.274326e+000 -4.521682e-001 1.888243e-002 
-2.416411e+001 3.232309e+000 -2.057504e-001 8.942119e-003 
-2.484073e+001 4.052648e+000 -3.081903e-001 1.321433e-002 
-2.950116e+001 5.274326e+000 -4.521682e-001 1.888243e-002 
0 0 0 0 
-2.931488e+001 5.213688e+000 -4.466132e-001 1.873225e-002 
-2.047909e+001 2.289345e+000 -8.254205e-002 3.565797e-003 
-2.416411e+001 3.232309e+000 -2.057504e-001 8.942119e-003 
-2.931488e+001 5.213688e+000 -4.466132e-001 1.873225e-002 
0 0 0 0 
-1.000000e+000
1.000000e+000
2
1 3 
8 4
0.000000e+000 0.000000e+000 0.000000e+000 0.000000e+000 
-4.045951e-001 -1.289564e-004 6.309897e-008 -9.926142e-012 
-1.802267e-002 -6.179848e-004 2.745334e-007 -3.780107e-011 
-4.098340e-001 -1.035470e-004 4.961432e-008 -7.853470e-012 
1.802267e-002 6.179848e-004 -2.745334e-007 3.780107e-011 
4.696003e-002 -2.468896e-004 9.825535e-008 -1.264559e-011 
0.000000e+000 0.000000e+000 0.000000e+000 0.000000e+000 
3.337324e-002 -1.920643e-004 7.745819e-008 -1.004996e-011 
